1
#RMSE_energy (test) [mev/atom] RMSE_energy (train) [mev/atom]
     247.887000      265.572000 
      40.761200       37.468600 
      25.006400       21.242200 
      24.505400       20.539900 
      22.418600       18.384000 
      21.336600       17.419700 
      20.660900       16.791600 
      20.000500       16.238000 
      19.398000       15.759100 
      19.019600       15.414200 
      18.763500       15.181000 
2
#RMSE_energy (test) [mev/atom] RMSE_energy (train) [mev/atom]
     210.664000      209.280000 
      44.749000       42.436100 
      24.557800       22.286800 
      21.088600       19.076200 
      19.535600       17.698600 
      18.540200       16.761700 
      17.814600       16.147500 
      17.133400       15.685600 
      16.686300       15.273600 
      16.300500       14.943900 
      16.067500       14.717600 
3
#RMSE_energy (test) [mev/atom] RMSE_energy (train) [mev/atom]
     185.225000      197.627000 
      32.046600       31.613400 
      20.419400       19.156800 
      18.289000       16.954800 
      17.469800       15.964500 
      16.742500       15.258300 
      15.977500       14.790300 
      15.643900       14.408700 
      15.348800       14.122700 
      15.075400       13.848300 
      14.744400       13.598600 
4
#RMSE_energy (test) [mev/atom] RMSE_energy (train) [mev/atom]
     207.821000      216.711000 
      78.802500       79.603800 
      66.084200       65.330000 
      59.726300       59.232100 
      55.145600       54.762800 
      52.103600       51.635200 
      49.785200       49.235000 
      47.891000       47.373300 
      46.603200       45.897400 
      45.424100       44.766500 
      44.504200       43.779000 
5
#RMSE_energy (test) [mev/atom] RMSE_energy (train) [mev/atom]
     422.320000      410.710000 
      40.747600       43.882400 
    4901.530000     5438.000000 
    4892.570000     5480.100000 
    5017.530000     4954.210000 
    4679.290000     4777.310000 
    5564.440000     5747.430000 
    4413.880000     4499.260000 
    3810.870000     3894.640000 
    4481.110000     4605.910000 
    5001.670000     5466.870000 
6
#RMSE_energy (test) [mev/atom] RMSE_energy (train) [mev/atom]
     238.410000      244.987000 
     245.219000      225.158000 
     183.272000      169.613000 
     150.572000      142.003000 
     132.725000      127.931000 
     122.773000      119.163000 
     114.040000      111.719000 
     106.827000      105.185000 
     100.685000       99.700700 
      96.002100       95.570100 
      92.741600       92.208400 
7
#RMSE_energy (test) [mev/atom] RMSE_energy (train) [mev/atom]
     350.305000      356.102000 
      46.527800       45.515700 
      22.997400       21.561900 
      18.898100       17.844000 
      17.495600       16.531200 
      16.738200       15.701100 
      16.239300       15.186000 
      15.748700       14.756200 
      15.430100       14.484800 
      15.357900       14.227200 
      15.214100       14.049400 
8
#RMSE_energy (test) [mev/atom] RMSE_energy (train) [mev/atom]
     202.173000      200.595000 
      31.841700       31.541900 
      19.933900       19.499800 
      17.435800       17.169600 
      16.646300       16.146800 
      15.864000       15.397700 
      15.362000       14.884400 
      14.899500       14.545200 
      14.524300       14.155100 
      14.296500       13.831100 
      14.081300       13.583900 
9
#RMSE_energy (test) [mev/atom] RMSE_energy (train) [mev/atom]
     239.440000      247.755000 
      34.357300       34.100100 
      21.368000       20.307400 
      18.783500       17.465400 
      17.506300       16.412500 
      16.886600       15.701800 
      16.371300       15.132300 
      16.025100       14.752700 
      15.686800       14.400300 
      15.469800       14.153100 
      15.365000       13.980300 
10
#RMSE_energy (test) [mev/atom] RMSE_energy (train) [mev/atom]
     348.526000      345.547000 
      70.092100       71.640900 
      23.381900       23.249700 
      19.028800       18.186700 
      17.453700       16.629800 
      16.840500       15.802300 
      16.062600       15.163800 
      15.723300       14.803100 
      15.446900       14.445900 
      15.220200       14.183000 
      14.950000       13.929000 
11
#RMSE_energy (test) [mev/atom] RMSE_energy (train) [mev/atom]
     391.150000      396.442000 
      44.478900       45.864700 
      22.126600       20.658900 
      18.768400       17.076100 
      17.635600       16.005300 
      16.725800       15.165700 
      16.243600       14.746700 
      15.877500       14.253500 
      15.498300       13.977900 
      15.177500       13.752800 
      14.808900       13.461900 
12
#RMSE_energy (test) [mev/atom] RMSE_energy (train) [mev/atom]
     407.564000      392.994000 
      77.716500       77.662300 
      38.185000       35.702700 
      30.785700       28.869000 
      28.813700       26.588700 
      27.388000       25.203400 
      26.319400       24.173600 
      25.483500       23.353700 
      24.955400       22.743600 
      24.334000       22.226300 
      23.871700       21.797100 
