1
#RMSE_energy (test) [mev/atom] RMSE_energy (train) [mev/atom]
      18.763500       15.181000 
      48.241600       45.833400 
      43.340000       40.093600 
      40.495800       37.409300 
      38.806100       35.494000 
      37.538500       34.270000 
      36.564700       33.357200 
      35.680900       32.544900 
      35.146100       31.911700 
      34.619200       31.401500 
      34.237700       30.975800 
2
#RMSE_energy (test) [mev/atom] RMSE_energy (train) [mev/atom]
      16.067500       14.717600 
      16.281300       14.823400 
      15.117200       13.363100 
      14.652200       12.787700 
      14.104900       12.381000 
      13.835700       12.100800 
      13.576500       11.892500 
      13.236400       11.749100 
      13.083300       11.585600 
      12.968300       11.471500 
      12.885300       11.389100 
3
#RMSE_energy (test) [mev/atom] RMSE_energy (train) [mev/atom]
      14.744400       13.598600 
      15.868100       14.442100 
      14.341300       13.249800 
      13.856500       12.604100 
      13.344700       12.150500 
      13.031100       11.865100 
      12.707900       11.665300 
      12.608900       11.487200 
      12.466200       11.342300 
      12.271300       11.239400 
      12.129400       11.132100 
4
#RMSE_energy (test) [mev/atom] RMSE_energy (train) [mev/atom]
      44.504200       43.779000 
      27.834200       27.690300 
      25.903200       24.542900 
      24.539600       23.115800 
      23.722700       22.181900 
      23.083800       21.567900 
      22.527700       21.091400 
      22.283000       20.689600 
      21.880400       20.343100 
      21.755000       20.087400 
      21.519400       19.837600 
5
#RMSE_energy (test) [mev/atom] RMSE_energy (train) [mev/atom]
      40.747600       43.882400 
      21.255800       21.619400 
      19.090000       17.941100 
      17.636300       16.492800 
      16.973100       15.787500 
      16.615400       15.361300 
      16.486700       15.102200 
      16.205700       14.844000 
      16.078100       14.598900 
      15.931000       14.396200 
      15.705600       14.208800 
6
#RMSE_energy (test) [mev/atom] RMSE_energy (train) [mev/atom]
      92.741600       92.208400 
      40.008200       37.041600 
      29.273700       28.292400 
      26.720800       26.562300 
      25.719100       25.802000 
      25.197800       25.304100 
      24.695100       24.818600 
      24.311200       24.388800 
      23.907400       24.051800 
      23.482300       23.650700 
      23.024600       23.305100 
7
#RMSE_energy (test) [mev/atom] RMSE_energy (train) [mev/atom]
      15.214100       14.049400 
      17.388000       15.506800 
      15.509400       13.941000 
      14.049400       13.233500 
      13.806100       12.895800 
      13.418800       12.569300 
      13.156700       12.320300 
      12.987100       12.140300 
      12.851300       12.041200 
      12.784900       11.916800 
      12.588400       11.784700 
8
#RMSE_energy (test) [mev/atom] RMSE_energy (train) [mev/atom]
      14.081300       13.583900 
      15.759900       14.400500 
      13.719800       12.791300 
      13.380000       12.304100 
      13.414100       11.997300 
      13.109500       11.748700 
      13.054000       11.581200 
      12.876600       11.400400 
      12.700400       11.225900 
      12.577400       11.115700 
      12.532100       11.019600 
9
#RMSE_energy (test) [mev/atom] RMSE_energy (train) [mev/atom]
      15.365000       13.980300 
      16.305900       14.575700 
      15.045700       13.401000 
      14.195600       12.458800 
      13.737300       12.048900 
      13.449400       11.814800 
      13.213600       11.634700 
      13.098600       11.477600 
      12.875600       11.329900 
      12.810300       11.225800 
      12.731700       11.153000 
10
#RMSE_energy (test) [mev/atom] RMSE_energy (train) [mev/atom]
      14.950000       13.929000 
      15.839900       14.674200 
      14.183000       13.170800 
      13.775900       12.840200 
      13.149800       12.367100 
      12.869800       12.126500 
      12.586700       11.935200 
      12.486300       11.825400 
      12.369600       11.739000 
      12.267300       11.617000 
      12.200900       11.489100 
11
#RMSE_energy (test) [mev/atom] RMSE_energy (train) [mev/atom]
      14.808900       13.461900 
      16.288600       14.772100 
      14.751900       13.048000 
      13.822000       12.316800 
      13.392000       11.963900 
      13.046800       11.682100 
      12.903400       11.484400 
      12.802700       11.272200 
      12.648300       11.150200 
      12.519500       11.028400 
      12.399600       10.905100 
12
#RMSE_energy (test) [mev/atom] RMSE_energy (train) [mev/atom]
      23.871700       21.797100 
      21.861800       19.656400 
      19.065000       17.400900 
      17.859800       16.505400 
      17.428900       15.959000 
      16.939100       15.549700 
      16.616600       15.203300 
      16.309400       14.954700 
      16.202500       14.787700 
      16.186100       14.673100 
      16.000700       14.536700 
