1
#RMSE_energy (test) [mev/atom] RMSE_energy (train) [mev/atom]
      18.763500       15.181000 
      48.241600       45.833400 
      43.340000       40.093600 
      40.495800       37.409300 
      38.806100       35.494000 
      37.538500       34.270000 
      36.564700       33.357200 
      35.680900       32.544900 
      35.146100       31.911700 
      34.619200       31.401500 
      34.237700       30.975800 
2
#RMSE_energy (test) [mev/atom] RMSE_energy (train) [mev/atom]
      12.885300       11.389100 
      13.312200       12.180300 
      12.483600       11.162500 
      12.103800       10.764500 
      11.722300       10.526400 
      11.638600       10.334300 
      11.534800       10.242100 
      11.272900       10.179300 
      11.148400       10.052600 
      11.053900        9.962980 
      10.996200        9.920440 
3
#RMSE_energy (test) [mev/atom] RMSE_energy (train) [mev/atom]
      12.129400       11.132100 
      13.258100       12.757700 
      12.116100       11.675500 
      11.433400       11.080200 
      11.311700       10.785600 
      11.070800       10.596600 
      10.803700       10.446200 
      10.821600       10.354800 
      10.722000       10.250900 
      10.654800       10.167900 
      10.615600       10.095300 
4
#RMSE_energy (test) [mev/atom] RMSE_energy (train) [mev/atom]
      21.519400       19.837600 
      19.158200       17.893400 
      17.402900       16.428500 
      16.988500       15.901800 
      16.594400       15.296900 
      16.397000       15.006300 
      16.254400       14.746100 
      15.961200       14.434400 
      15.843200       14.232600 
      15.685700       14.066600 
      15.603200       13.906100 
5
#RMSE_energy (test) [mev/atom] RMSE_energy (train) [mev/atom]
      15.705600       14.208800 
      16.558300       15.317300 
      15.430800       13.963800 
      14.983200       13.378700 
      14.589200       13.081900 
      14.239400       12.773100 
      14.180200       12.641700 
      14.058300       12.513300 
      13.936200       12.346400 
      13.909000       12.251100 
      13.771600       12.136400 
6
#RMSE_energy (test) [mev/atom] RMSE_energy (train) [mev/atom]
      23.024600       23.305100 
      19.870000       21.070300 
      19.263200       19.989900 
      18.940700       19.558500 
      18.511900       19.123100 
      18.059500       18.630900 
      17.758900       18.335200 
      17.444000       18.035100 
      17.332600       17.851500 
      17.103200       17.612600 
      16.977800       17.443400 
7
#RMSE_energy (test) [mev/atom] RMSE_energy (train) [mev/atom]
      12.588400       11.784700 
      14.647100       13.673500 
      13.346500       12.474100 
      13.040700       11.971600 
      12.739100       11.660500 
      12.610100       11.428300 
      12.365500       11.327700 
      12.215300       11.184400 
      12.083200       11.104900 
      11.985100       11.004300 
      11.927000       10.922000 
8
#RMSE_energy (test) [mev/atom] RMSE_energy (train) [mev/atom]
      12.532100       11.019600 
      13.791700       11.990900 
      12.934400       11.247400 
      12.518700       10.895000 
      12.213000       10.664000 
      12.059000       10.447500 
      12.036000       10.356300 
      11.985800       10.235800 
      11.894900       10.119700 
      11.821800       10.066200 
      11.754000       10.023600 
9
#RMSE_energy (test) [mev/atom] RMSE_energy (train) [mev/atom]
      12.731700       11.153000 
      14.299500       12.596700 
      13.250300       11.551400 
      12.790400       11.202100 
      12.471200       10.937600 
      12.345500       10.781500 
      12.138000       10.648400 
      12.093100       10.546400 
      11.946400       10.448700 
      11.917000       10.380100 
      11.897100       10.337600 
10
#RMSE_energy (test) [mev/atom] RMSE_energy (train) [mev/atom]
      12.200900       11.489100 
      13.597700       13.064100 
      12.751600       11.888700 
      12.435400       11.527600 
      11.939600       11.218000 
      11.852800       11.092200 
      11.547200       10.939000 
      11.567300       10.848200 
      11.526100       10.766900 
      11.426900       10.683300 
      11.405400       10.571700 
11
#RMSE_energy (test) [mev/atom] RMSE_energy (train) [mev/atom]
      12.399600       10.905100 
      13.745300       12.535100 
      12.402800       11.241400 
      11.964000       10.743000 
      11.589500       10.520400 
      11.406800       10.351700 
      11.183700       10.165100 
      11.097700       10.014700 
      10.912500        9.907110 
      10.836400        9.830760 
      10.737500        9.749390 
12
#RMSE_energy (test) [mev/atom] RMSE_energy (train) [mev/atom]
      16.000700       14.536700 
      16.931400       15.738300 
      15.874200       14.157100 
      15.468900       13.717600 
      15.294900       13.414400 
      14.914400       13.196900 
      14.762100       13.047500 
      14.584200       12.861400 
      14.329700       12.740200 
      14.263000       12.682900 
      14.138900       12.585800 
